Mount_Sunapee  0.00  0.00  0.00  0.00  0.00  0.00  0.00
Ragged_Mountain  3.40  1.49  0.00  0.00  0.27  1.90  0.59
Gunstock_Mountain  0.00  0.00  0.40  0.00  1.72  0.00  0.00
Pats_Peak  0.00  0.67  0.00  0.00  0.30  0.00  1.23
Crotched_Mountain  0.67  1.35  0.00  0.00  0.22  0.58  0.69
Attitash  1.67  0.00  3.40  0.11  0.42  0.00  0.00
Bretton_Woods  0.00  0.00  0.00  0.37  1.98  0.00  0.00
Cranmore  0.00  0.00  0.26  0.91  5.22  13.84  0.00
Loon  0.00  1.70  6.80  0.00  0.00  0.00  0.84
The_Balsams  0.00  0.00  0.05  0.00  0.00  0.00  0.00
Waterville_Valley  1.24  0.00  0.82  0.45  0.00  0.00  0.00
Wildcat_Ski_Area  0.00  0.43  0.00  0.87  0.00  0.00  1.78
Cannon  0.00  0.84  0.00  1.51  0.00  0.00  0.00
Baker_Mountain  0.60  1.76  0.00  0.00  0.12  0.00  0.86
Big_Rock  0.94  0.39  0.00  0.70  0.00  0.00  3.40
Black_Mountain  1.01  0.97  0.00  0.00  3.40  1.52  0.00
Camden_Snow_Bowl  0.00  0.00  0.00  0.00  0.00  1.89  0.00
Eaton_Mountain  1.19  0.00  0.00  0.31  1.17  0.97  0.00
Hermon_Mountain  3.40  1.75  0.00  0.00  0.67  0.00  3.40
Lonesome_Pine  0.00  0.86  5.12  0.00  1.83  0.00  1.24
Lost_Valley  0.28  0.00  0.00  0.00  0.03  0.19  0.00
Mt_Abram  0.00  0.00  0.00  0.00  1.49  0.00  0.00
Mt_Jefferson  1.18  0.00  0.00  3.40  0.00  0.55  0.00
Quoggy_Jo  3.40  0.00  0.00  0.00  0.00  1.93  0.00
Saddleback  0.34  0.00  1.24  0.00  3.40  0.00  0.00
Shawnee_Peak  3.40  0.00  0.00  0.00  0.00  0.00  0.51
Spruce_Mountain  0.00  0.00  0.00  0.00  3.40  1.21  0.00
Sugarloaf_USA  0.00  0.29  0.00  0.00  0.00  0.00  0.00
Sunday_River  1.43  0.11  0.00  0.29  0.00  0.00  0.00
Titcomb_Mountain  0.00  1.13  0.38  1.06  0.00  0.00  0.00
Bolton_Valley  1.28  1.88  0.00  0.00  0.00  3.40  0.00
Burke_Mountain  0.00  3.40  1.83  7.06  17.52  0.00  0.00
Cochran's_Ski_Area  1.44  0.90  0.05  1.39  6.18  0.00  1.69
Jay_Peak  0.82  0.42  4.24  1.97  0.07  0.00  0.00
Smugglers_Notch  0.00  1.11  1.22  0.00  0.00  0.00  0.00
Stowe  0.68  0.00  0.00  0.00  0.00  1.05  0.00
Bear_Creek  1.61  0.00  0.00  0.00  0.00  0.00  0.00
Killington  1.26  0.22  3.84  0.00  0.00  0.00  0.00
Mad_River_Glen  0.00  1.37  0.62  1.24  1.00  0.36  4.12
Middlebury_Snow_Bowl  0.00  0.00  0.50  4.40  0.71  4.82  1.31
Pico_Mountain  0.00  0.00  0.00  0.00  1.60  1.63  1.99
Sugarbush  7.38  0.00  3.40  10.20  0.00  0.00  1.68
Suicide_Six  1.90  0.95  0.00  3.40  0.84  0.00  0.90
Ascutney  1.84  0.00  0.42  0.00  1.07  0.00  0.00
Bromley  1.79  0.00  0.00  0.00  0.00  1.72  1.59
Magic_Mountain  0.09  0.00  0.00  0.00  0.87  0.00  0.00
Mount_Snow  0.00  0.00  0.00  0.00  0.00  0.99  0.00
Okemo_Mountain  0.00  0.00  0.00  0.00  1.67  0.00  0.00
Stratton  1.27  1.50  6.40  1.58  0.00  0.00  0.00
